0.0089999999999999993
0.012
0.014
0.016
0.019
0.02
0.02
0.02
0.021000000000000001
0.021000000000000001
0.021999999999999999
0.021999999999999999
0.021999999999999999
0.023
0.023
0.023
0.023
0.024
0.024
0.024
0.025000000000000001
0.027
0.028000000000000001
0.028000000000000001
0.029000000000000001
0.029000000000000001
0.029999999999999999
0.031
0.031
0.032000000000000001
0.032000000000000001
0.032000000000000001
0.032000000000000001
0.032000000000000001
0.033000000000000002
0.033000000000000002
0.034000000000000002
0.034000000000000002
0.034000000000000002
0.034000000000000002
0.034000000000000002
0.034000000000000002
0.034000000000000002
0.035000000000000003
0.035000000000000003
0.035000000000000003
0.035000000000000003
0.035000000000000003
0.035000000000000003
0.035000000000000003
0.035000000000000003
0.035000000000000003
0.035000000000000003
0.035000000000000003
0.035999999999999997
0.035999999999999997
0.035999999999999997
0.035999999999999997
0.036000000000000004
0.036000000000000004
0.036000000000000004
0.036000000000000004
0.036999999999999998
0.036999999999999998
0.036999999999999998
0.036999999999999998
0.036999999999999998
0.037999999999999999
0.037999999999999999
0.037999999999999999
0.037999999999999999
0.039
0.039
0.039
0.039
0.039
0.039
0.039
0.039
0.039
0.039
0.039
0.040000000000000001
0.040000000000000001
0.040000000000000001
0.040000000000000001
0.040000000000000001
0.041000000000000002
0.041000000000000002
0.041000000000000002
0.041000000000000002
0.041000000000000002
0.042000000000000003
0.042000000000000003
0.042000000000000003
0.042000000000000003
0.042000000000000003
0.042000000000000003
0.042000000000000003
0.042000000000000003
0.042999999999999997
0.042999999999999997
0.042999999999999997
0.043000000000000003
0.043999999999999997
0.043999999999999997
0.043999999999999997
0.043999999999999997
0.043999999999999997
0.043999999999999997
0.043999999999999997
0.044999999999999998
0.044999999999999998
0.044999999999999998
0.044999999999999998
0.044999999999999998
0.044999999999999998
0.045999999999999999
0.045999999999999999
0.045999999999999999
0.045999999999999999
0.045999999999999999
0.045999999999999999
0.045999999999999999
0.045999999999999999
0.045999999999999999
0.045999999999999999
0.045999999999999999
0.047
0.047
0.047
0.047
0.047
0.047
0.047
0.047
0.048000000000000001
0.048000000000000001
0.048000000000000001
0.048000000000000001
0.048000000000000001
0.048000000000000001
0.048000000000000001
0.048000000000000001
0.048000000000000001
0.048000000000000001
0.048000000000000001
0.048000000000000001
0.049000000000000002
0.049000000000000002
0.049000000000000002
0.049000000000000002
0.049000000000000002
0.049000000000000002
0.049000000000000002
0.050000000000000003
0.050000000000000003
0.050000000000000003
0.050000000000000003
0.050000000000000003
0.050000000000000003
0.050000000000000003
0.050000000000000003
0.050000000000000003
0.050000000000000003
0.050999999999999997
0.050999999999999997
0.050999999999999997
0.050999999999999997
0.050999999999999997
0.050999999999999997
0.051000000000000004
0.051000000000000004
0.051999999999999998
0.051999999999999998
0.051999999999999998
0.051999999999999998
0.051999999999999998
0.051999999999999998
0.051999999999999998
0.051999999999999998
0.051999999999999998
0.051999999999999998
0.052000000000000005
0.052000000000000005
0.052000000000000005
0.052999999999999999
0.052999999999999999
0.052999999999999999
0.052999999999999999
0.052999999999999999
0.052999999999999999
0.052999999999999999
0.052999999999999999
0.052999999999999999
0.053000000000000005
0.053000000000000005
0.053000000000000005
0.053999999999999999
0.053999999999999999
0.053999999999999999
0.053999999999999999
0.053999999999999999
0.053999999999999999
0.053999999999999999
0.055
0.055
0.055
0.055
0.055
0.055
0.055
0.056000000000000001
0.056000000000000001
0.056000000000000001
0.056000000000000001
0.056000000000000001
0.056000000000000001
0.056000000000000001
0.056000000000000001
0.056000000000000001
0.056000000000000001
0.056000000000000001
0.056000000000000001
0.056000000000000001
0.056000000000000001
0.056000000000000001
0.057000000000000002
0.057000000000000002
0.057000000000000002
0.057000000000000002
0.057000000000000002
0.057000000000000002
0.057000000000000002
0.057000000000000002
0.057000000000000002
0.057000000000000002
0.057000000000000002
0.057000000000000002
0.057000000000000002
0.057000000000000002
0.057000000000000002
0.057000000000000002
0.057000000000000002
0.058000000000000003
0.058000000000000003
0.058000000000000003
0.058000000000000003
0.058000000000000003
0.058000000000000003
0.058000000000000003
0.058000000000000003
0.058000000000000003
0.058000000000000003
0.058000000000000003
0.058000000000000003
0.058999999999999997
0.058999999999999997
0.058999999999999997
0.058999999999999997
0.058999999999999997
0.058999999999999997
0.058999999999999997
0.058999999999999997
0.058999999999999997
0.058999999999999997
0.058999999999999997
0.058999999999999997
0.059000000000000004
0.059999999999999998
0.059999999999999998
0.059999999999999998
0.059999999999999998
0.059999999999999998
0.059999999999999998
0.059999999999999998
0.060999999999999999
0.060999999999999999
0.060999999999999999
0.060999999999999999
0.060999999999999999
0.060999999999999999
0.060999999999999999
0.060999999999999999
0.060999999999999999
0.060999999999999999
0.060999999999999999
0.060999999999999999
0.061000000000000006
0.061000000000000006
0.061000000000000006
0.061000000000000006
0.062
0.062
0.062
0.062
0.062
0.062
0.062
0.062
0.062
0.062
0.063
0.063
0.063
0.063
0.063
0.063
0.063
0.063
0.063
0.064000000000000001
0.064000000000000001
0.064000000000000001
0.064000000000000001
0.064000000000000001
0.064000000000000001
0.064000000000000001
0.064000000000000001
0.064000000000000001
0.065000000000000002
0.065000000000000002
0.065000000000000002
0.065000000000000002
0.065000000000000002
0.065000000000000002
0.066000000000000003
0.066000000000000003
0.066000000000000003
0.066000000000000003
0.066000000000000003
0.066000000000000003
0.066000000000000003
0.066000000000000003
0.066000000000000003
0.066000000000000003
0.066000000000000003
0.067000000000000004
0.067000000000000004
0.067000000000000004
0.067000000000000004
0.067000000000000004
0.067000000000000004
0.067000000000000004
0.067000000000000004
0.067000000000000004
0.067000000000000004
0.067000000000000004
0.067000000000000004
0.067000000000000004
0.068000000000000005
0.068000000000000005
0.068000000000000005
0.068000000000000005
0.068000000000000005
0.068000000000000005
0.068000000000000005
0.068000000000000005
0.068000000000000005
0.068000000000000005
0.068000000000000005
0.068000000000000005
0.068000000000000005
0.068000000000000005
0.068000000000000005
0.068000000000000005
0.068000000000000005
0.069000000000000006
0.069000000000000006
0.069000000000000006
0.069000000000000006
0.069000000000000006
0.069000000000000006
0.069000000000000006
0.069000000000000006
0.069000000000000006
0.069000000000000006
0.069000000000000006
0.069000000000000006
0.069000000000000006
0.069000000000000006
0.070000000000000007
0.070000000000000007
0.070000000000000007
0.070000000000000007
0.070000000000000007
0.070000000000000007
0.070000000000000007
0.070000000000000007
0.070000000000000007
0.070000000000000007
0.070000000000000007
0.070000000000000007
0.070000000000000007
0.070000000000000007
0.070999999999999994
0.070999999999999994
0.070999999999999994
0.070999999999999994
0.070999999999999994
0.070999999999999994
0.070999999999999994
0.070999999999999994
0.070999999999999994
0.071000000000000008
0.071000000000000008
0.071000000000000008
0.071000000000000008
0.071999999999999995
0.071999999999999995
0.071999999999999995
0.071999999999999995
0.071999999999999995
0.071999999999999995
0.071999999999999995
0.071999999999999995
0.071999999999999995
0.072000000000000008
0.072000000000000008
0.072000000000000008
0.072999999999999995
0.072999999999999995
0.072999999999999995
0.072999999999999995
0.072999999999999995
0.072999999999999995
0.072999999999999995
0.072999999999999995
0.072999999999999995
0.073999999999999996
0.073999999999999996
0.073999999999999996
0.073999999999999996
0.073999999999999996
0.073999999999999996
0.073999999999999996
0.073999999999999996
0.073999999999999996
0.073999999999999996
0.073999999999999996
0.073999999999999996
0.073999999999999996
0.074999999999999997
0.074999999999999997
0.074999999999999997
0.074999999999999997
0.074999999999999997
0.074999999999999997
0.074999999999999997
0.074999999999999997
0.074999999999999997
0.074999999999999997
0.074999999999999997
0.074999999999999997
0.075999999999999998
0.075999999999999998
0.075999999999999998
0.075999999999999998
0.075999999999999998
0.075999999999999998
0.075999999999999998
0.076999999999999999
0.076999999999999999
0.076999999999999999
0.076999999999999999
0.076999999999999999
0.076999999999999999
0.076999999999999999
0.076999999999999999
0.078
0.078
0.078
0.078
0.078
0.078
0.078
0.078
0.078
0.078
0.078
0.079000000000000001
0.079000000000000001
0.079000000000000001
0.079000000000000001
0.079000000000000001
0.079000000000000001
0.080000000000000002
0.080000000000000002
0.080000000000000002
0.080000000000000002
0.080000000000000002
0.081000000000000003
0.081000000000000003
0.081000000000000003
0.081000000000000003
0.081000000000000003
0.081000000000000003
0.081000000000000003
0.081000000000000003
0.081000000000000003
0.081000000000000003
0.081000000000000003
0.081000000000000003
0.081000000000000003
0.081000000000000003
0.081000000000000003
0.082000000000000003
0.082000000000000003
0.082000000000000003
0.082000000000000003
0.082000000000000003
0.082000000000000003
0.082000000000000003
0.082000000000000003
0.082000000000000003
0.082000000000000003
0.083000000000000004
0.083000000000000004
0.083000000000000004
0.083000000000000004
0.083000000000000004
0.083000000000000004
0.083000000000000004
0.083000000000000004
0.084000000000000005
0.084000000000000005
0.084000000000000005
0.084000000000000005
0.084000000000000005
0.084000000000000005
0.084000000000000005
0.084000000000000005
0.085000000000000006
0.085000000000000006
0.085000000000000006
0.085000000000000006
0.085000000000000006
0.085000000000000006
0.085000000000000006
0.085000000000000006
0.085000000000000006
0.085000000000000006
0.085999999999999993
0.085999999999999993
0.085999999999999993
0.085999999999999993
0.085999999999999993
0.085999999999999993
0.085999999999999993
0.085999999999999993
0.085999999999999993
0.085999999999999993
0.085999999999999993
0.085999999999999993
0.085999999999999993
0.085999999999999993
0.086000000000000007
0.086000000000000007
0.086000000000000007
0.086999999999999994
0.086999999999999994
0.086999999999999994
0.086999999999999994
0.086999999999999994
0.086999999999999994
0.086999999999999994
0.087999999999999995
0.087999999999999995
0.087999999999999995
0.087999999999999995
0.088999999999999996
0.088999999999999996
0.088999999999999996
0.088999999999999996
0.088999999999999996
0.089999999999999997
0.089999999999999997
0.089999999999999997
0.089999999999999997
0.089999999999999997
0.089999999999999997
0.090999999999999998
0.090999999999999998
0.090999999999999998
0.090999999999999998
0.090999999999999998
0.090999999999999998
0.091999999999999998
0.091999999999999998
0.091999999999999998
0.091999999999999998
0.091999999999999998
0.091999999999999998
0.091999999999999998
0.091999999999999998
0.091999999999999998
0.091999999999999998
0.091999999999999998
0.092999999999999999
0.092999999999999999
0.092999999999999999
0.092999999999999999
0.094
0.094
0.094
0.094
0.094
0.094
0.094
0.094
0.095000000000000001
0.095000000000000001
0.095000000000000001
0.095000000000000001
0.095000000000000001
0.095000000000000001
0.095000000000000001
0.095000000000000001
0.095000000000000001
0.095000000000000001
0.095000000000000001
0.096000000000000002
0.096000000000000002
0.096000000000000002
0.096000000000000002
0.096000000000000002
0.097000000000000003
0.097000000000000003
0.097000000000000003
0.097000000000000003
0.097000000000000003
0.097000000000000003
0.097000000000000003
0.097000000000000003
0.097000000000000003
0.097000000000000003
0.097000000000000003
0.097000000000000003
0.097000000000000003
0.097000000000000003
0.098000000000000004
0.098000000000000004
0.098000000000000004
0.098000000000000004
0.098000000000000004
0.098000000000000004
0.098000000000000004
0.098000000000000004
0.098000000000000004
0.098000000000000004
0.098000000000000004
0.098000000000000004
0.098000000000000004
0.099000000000000005
0.099000000000000005
0.099000000000000005
0.099000000000000005
0.099000000000000005
0.099000000000000005
0.099000000000000005
0.099000000000000005
0.099000000000000005
0.10000000000000001
0.10000000000000001
0.10000000000000001
0.10000000000000001
0.10000000000000001
0.10000000000000001
0.10000000000000001
0.10000000000000001
0.10000000000000001
0.10000000000000001
0.10000000000000001
0.10000000000000001
0.10000000000000001
0.10000000000000001
0.10100000000000001
0.10100000000000001
0.10100000000000001
0.10100000000000001
0.10100000000000001
0.10100000000000001
0.10100000000000001
0.10199999999999999
0.10199999999999999
0.10199999999999999
0.10199999999999999
0.10199999999999999
0.10199999999999999
0.10200000000000001
0.10200000000000001
0.10299999999999999
0.10299999999999999
0.10299999999999999
0.10299999999999999
0.10299999999999999
0.10299999999999999
0.10299999999999999
0.104
0.104
0.104
0.105
0.105
0.105
0.105
0.105
0.105
0.106
0.106
0.106
0.106
0.106
0.106
0.107
0.107
0.107
0.108
0.108
0.108
0.108
0.108
0.109
0.109
0.109
0.109
0.109
0.109
0.11
0.11
0.11
0.11
0.11
0.11
0.11
0.111
0.111
0.111
0.111
0.111
0.111
0.111
0.112
0.112
0.112
0.112
0.112
0.113
0.113
0.113
0.113
0.113
0.114
0.114
0.114
0.114
0.114
0.114
0.115
0.115
0.115
0.115
0.11599999999999999
0.11600000000000001
0.11600000000000001
0.11600000000000001
0.11600000000000001
0.11600000000000001
0.11600000000000001
0.11600000000000001
0.11700000000000001
0.11700000000000001
0.11700000000000001
0.11700000000000001
0.11700000000000001
0.11799999999999999
0.11799999999999999
0.11799999999999999
0.11800000000000001
0.11899999999999999
0.11900000000000001
0.12
0.12
0.12
0.12
0.121
0.121
0.121
0.121
0.121
0.122
0.122
0.122
0.122
0.122
0.123
0.123
0.123
0.124
0.124
0.125
0.125
0.125
0.126
0.126
0.126
0.126
0.127
0.127
0.127
0.128
0.128
0.128
0.129
0.129
0.129
0.13
0.13
0.13
0.13
0.13100000000000001
0.13100000000000001
0.13100000000000001
0.13100000000000001
0.13100000000000001
0.13200000000000001
0.13200000000000001
0.13200000000000001
0.13200000000000001
0.13200000000000001
0.13300000000000001
0.13300000000000001
0.13300000000000001
0.13300000000000001
0.13300000000000001
0.13300000000000001
0.13400000000000001
0.13400000000000001
0.13400000000000001
0.13500000000000001
0.13500000000000001
0.13600000000000001
0.13600000000000001
0.13600000000000001
0.13600000000000001
0.13700000000000001
0.13700000000000001
0.13750000000000001
0.13800000000000001
0.13800000000000001
0.13800000000000001
0.13900000000000001
0.13900000000000001
0.13900000000000001
0.14000000000000001
0.14099999999999999
0.14199999999999999
0.14199999999999999
0.14199999999999999
0.14199999999999999
0.14299999999999999
0.14299999999999999
0.14299999999999999
0.14299999999999999
0.14299999999999999
0.14399999999999999
0.14399999999999999
0.14499999999999999
0.14499999999999999
0.14699999999999999
0.14799999999999999
0.14799999999999999
0.14799999999999999
0.14799999999999999
0.14899999999999999
0.14899999999999999
0.14899999999999999
0.14999999999999999
0.14999999999999999
0.151
0.151
0.151
0.152
0.153
0.154
0.154
0.155
0.155
0.155
0.156
0.157
0.158
0.158
0.158
0.159
0.16
0.16
0.16
0.16
0.16200000000000001
0.16200000000000001
0.16200000000000001
0.16200000000000001
0.16200000000000001
0.16300000000000001
0.16300000000000001
0.16300000000000001
0.16400000000000001
0.16400000000000001
0.16400000000000001
0.16400000000000001
0.16500000000000001
0.16500000000000001
0.16600000000000001
0.16600000000000001
0.16700000000000001
0.16700000000000001
0.16700000000000001
0.16700000000000001
0.16800000000000001
0.16800000000000001
0.16800000000000001
0.17199999999999999
0.17199999999999999
0.17199999999999999
0.17199999999999999
0.17199999999999999
0.17199999999999999
0.17199999999999999
0.17299999999999999
0.17399999999999999
0.17399999999999999
0.17799999999999999
0.17799999999999999
0.17899999999999999
0.17999999999999999
0.17999999999999999
0.17999999999999999
0.17999999999999999
0.18099999999999999
0.184
0.184
0.184
0.185
0.185
0.186
0.187
0.189
0.189
0.189
0.191
0.191
0.192
0.193
0.193
0.19500000000000001
0.19600000000000001
0.19800000000000001
0.19800000000000001
0.20000000000000001
0.20200000000000001
0.20200000000000001
0.20200000000000001
0.20400000000000001
0.20499999999999999
0.20799999999999999
0.20999999999999999
0.21099999999999999
0.21199999999999999
0.21199999999999999
0.215
0.216
0.217
0.217
0.217
0.218
0.218
0.219
0.22
0.22700000000000001
0.22900000000000001
0.23000000000000001
0.23100000000000001
0.23300000000000001
0.23499999999999999
0.23499999999999999
0.23599999999999999
0.23699999999999999
0.24099999999999999
0.24099999999999999
0.24299999999999999
0.24399999999999999
0.245
0.249
0.251
0.251
0.253
0.254
0.254
0.25600000000000001
0.25700000000000001
0.26100000000000001
0.26400000000000001
0.26400000000000001
0.26600000000000001
0.26600000000000001
0.26800000000000002
0.27700000000000002
0.27800000000000002
0.27900000000000003
0.27900000000000003
0.28000000000000003
0.28399999999999997
0.28399999999999997
0.28599999999999998
0.28799999999999998
0.28899999999999998
0.29399999999999998
0.30599999999999999
0.314
0.316
0.31900000000000001
0.32600000000000001
0.32900000000000001
0.33000000000000002
0.33200000000000002
0.33700000000000002
0.34399999999999997
0.35799999999999998
0.36399999999999999
0.36599999999999999
0.373
0.377
0.41799999999999998
0.42299999999999999
0.42799999999999999
0.44
0.442
0.442
0.44600000000000001
0.45500000000000002
0.52800000000000002
0.53900000000000003
0.54800000000000004
0.55500000000000005
0.59299999999999997
0.59299999999999997
0.61899999999999999
0.63600000000000001
0.67300000000000004
0.69700000000000006
0.746
0.80600000000000005
0.80900000000000005
0.88300000000000001
0.89800000000000002
0.97999999999999998
1.077
